distance (162,817,812) (425,690,689) = 316.9
distance (162,817,812) (431,825,988) = 321.6
distance (906,360,560) (805,96,715) = 322.4
distance (431,825,988) (425,690,689) = 328.1
distance (862,61,35) (984,92,344) = 333.7
distance (52,470,668) (117,168,530) = 338.3
distance (819,987,18) (941,993,340) = 344.4
distance (906,360,560) (739,650,466) = 347.6
distance (346,949,466) (425,690,689) = 350.8
distance (906,360,560) (984,92,344) = 352.9
distance (592,479,940) (425,690,689) = 368.0
distance (352,342,300) (542,29,236) = 371.7
distance (352,342,300) (117,168,530) = 372.0
distance (352,342,300) (466,668,158) = 373.4
distance (542,29,236) (862,61,35) = 379.2
distance (592,479,940) (431,825,988) = 384.6
distance (739,650,466) (425,690,689) = 387.2
distance (162,817,812) (52,470,668) = 391.5
distance (819,987,18) (970,615,88) = 407.5
distance (805,96,715) (984,92,344) = 411.9
distance (466,668,158) (739,650,466) = 412.0
distance (162,817,812) (346,949,466) = 413.5
distance (739,650,466) (941,993,340) = 417.5
distance (57,618,57) (466,668,158) = 424.2
distance (52,470,668) (425,690,689) = 433.6
distance (466,668,158) (346,949,466) = 433.8
distance (739,650,466) (970,615,88) = 444.4
distance (970,615,88) (941,993,340) = 455.2
distance (216,146,977) (117,168,530) = 458.4
distance (542,29,236) (984,92,344) = 459.3
distance (57,618,57) (352,342,300) = 471.4
distance (52,470,668) (216,146,977) = 476.8
distance (352,342,300) (52,470,668) = 491.7
distance (592,479,940) (805,96,715) = 492.6
distance (739,650,466) (346,949,466) = 493.8
distance (466,668,158) (819,987,18) = 496.0
distance (592,479,940) (216,146,977) = 503.6
distance (906,360,560) (592,479,940) = 507.1
distance (466,668,158) (970,615,88) = 511.6
distance (352,342,300) (739,650,466) = 521.7
distance (592,479,940) (739,650,466) = 524.9
distance (352,342,300) (425,690,689) = 527.0
distance (466,668,158) (425,690,689) = 533.0
distance (542,29,236) (117,168,530) = 535.1
distance (906,360,560) (970,615,88) = 540.3
distance (431,825,988) (346,949,466) = 543.2
distance (542,29,236) (805,96,715) = 550.5
distance (162,817,812) (592,479,940) = 561.7
distance (739,650,466) (819,987,18) = 566.3
distance (970,615,88) (862,61,35) = 566.9
distance (970,615,88) (984,92,344) = 582.5
distance (906,360,560) (542,29,236) = 589.1
distance (52,470,668) (346,949,466) = 597.2
distance (906,360,560) (425,690,689) = 597.4
distance (57,618,57) (346,949,466) = 600.3
distance (466,668,158) (941,993,340) = 603.6
distance (592,479,940) (52,470,668) = 604.7
distance (906,360,560) (862,61,35) = 605.8
distance (346,949,466) (941,993,340) = 609.8
distance (431,825,988) (52,470,668) = 610.0
distance (739,650,466) (805,96,715) = 611.0
distance (906,360,560) (352,342,300) = 612.2
distance (739,650,466) (984,92,344) = 621.5
distance (117,168,530) (425,690,689) = 626.6
distance (57,618,57) (52,470,668) = 628.7
distance (352,342,300) (346,949,466) = 629.3
distance (431,825,988) (739,650,466) = 630.9
distance (352,342,300) (862,61,35) = 639.8
distance (216,146,977) (805,96,715) = 646.6
distance (466,668,158) (542,29,236) = 648.2
distance (216,146,977) (425,690,689) = 650.0
distance (819,987,18) (346,949,466) = 652.6
distance (57,618,57) (117,168,530) = 655.6
distance (352,342,300) (805,96,715) = 661.8
distance (906,360,560) (466,668,158) = 670.9
distance (906,360,560) (941,993,340) = 671.1
distance (352,342,300) (984,92,344) = 681.1
distance (805,96,715) (862,61,35) = 683.3
distance (466,668,158) (52,470,668) = 686.1
distance (542,29,236) (739,650,466) = 690.9
distance (941,993,340) (425,690,689) = 692.7
distance (162,817,812) (216,146,977) = 693.1
distance (162,817,812) (739,650,466) = 693.2
distance (592,479,940) (352,342,300) = 697.1
distance (592,479,940) (117,168,530) = 700.3
distance (805,96,715) (425,690,689) = 705.6
distance (352,342,300) (970,615,88) = 708.1
distance (162,817,812) (117,168,530) = 709.0
distance (592,479,940) (346,949,466) = 711.4
distance (431,825,988) (216,146,977) = 712.3
distance (466,668,158) (117,168,530) = 714.3
distance (117,168,530) (805,96,715) = 716.1
distance (352,342,300) (216,146,977) = 717.8
distance (162,817,812) (352,342,300) = 723.8
distance (57,618,57) (425,690,689) = 734.9
distance (466,668,158) (862,61,35) = 735.1
distance (162,817,812) (466,668,158) = 736.4
distance (739,650,466) (52,470,668) = 738.4
distance (739,650,466) (862,61,35) = 740.1
distance (542,29,236) (970,615,88) = 740.6
distance (57,618,57) (542,29,236) = 783.7
distance (162,817,812) (57,618,57) = 787.8
distance (542,29,236) (52,470,668) = 788.2
distance (739,650,466) (117,168,530) = 789.5
distance (906,360,560) (431,825,988) = 790.6
distance (57,618,57) (739,650,466) = 795.9
distance (466,668,158) (984,92,344) = 796.7
distance (346,949,466) (970,615,88) = 802.4
distance (542,29,236) (425,690,689) = 809.8
distance (592,479,940) (984,92,344) = 811.6
distance (906,360,560) (117,168,530) = 812.6
distance (592,479,940) (466,668,158) = 814.3
distance (970,615,88) (425,690,689) = 814.8
distance (117,168,530) (346,949,466) = 816.4
distance (542,29,236) (216,146,977) = 818.0
distance (906,360,560) (346,949,466) = 818.1
distance (805,96,715) (970,615,88) = 830.5
distance (819,987,18) (425,690,689) = 832.9
distance (906,360,560) (819,987,18) = 833.3
distance (906,360,560) (216,146,977) = 834.1
distance (592,479,940) (542,29,236) = 837.0
distance (431,825,988) (941,993,340) = 841.6
distance (52,470,668) (805,96,715) = 842.1
distance (352,342,300) (431,825,988) = 844.3
distance (352,342,300) (819,987,18) = 844.8
distance (466,668,158) (431,825,988) = 845.4
distance (57,618,57) (819,987,18) = 847.5
distance (431,825,988) (117,168,530) = 860.2
distance (431,825,988) (805,96,715) = 863.6
distance (592,479,940) (941,993,340) = 863.7
distance (466,668,158) (805,96,715) = 867.4
distance (906,360,560) (52,470,668) = 867.8
distance (352,342,300) (941,993,340) = 878.8
distance (739,650,466) (216,146,977) = 888.1
distance (984,92,344) (425,690,689) = 888.3
distance (117,168,530) (984,92,344) = 890.0
distance (117,168,530) (862,61,35) = 900.8
distance (941,993,340) (984,92,344) = 902.0
distance (162,817,812) (906,360,560) = 908.8
distance (57,618,57) (970,615,88) = 913.5
distance (819,987,18) (862,61,35) = 927.2
distance (162,817,812) (941,993,340) = 927.7
distance (592,479,940) (970,615,88) = 942.0
distance (216,146,977) (346,949,466) = 960.6
distance (819,987,18) (984,92,344) = 966.7
distance (542,29,236) (346,949,466) = 968.4
distance (162,817,812) (805,96,715) = 970.9
distance (57,618,57) (862,61,35) = 979.2
distance (805,96,715) (941,993,340) = 981.7
distance (941,993,340) (862,61,35) = 983.8
distance (216,146,977) (984,92,344) = 996.7
distance (805,96,715) (346,949,466) = 1000.1
distance (57,618,57) (941,993,340) = 1001.1
distance (466,668,158) (216,146,977) = 1002.9
distance (862,61,35) (425,690,689) = 1007.1
distance (57,618,57) (906,360,560) = 1020.0
distance (542,29,236) (819,987,18) = 1020.8
distance (57,618,57) (431,825,988) = 1024.4
distance (592,479,940) (862,61,35) = 1032.8
distance (57,618,57) (592,479,940) = 1041.7
distance (162,817,812) (819,987,18) = 1044.5
distance (57,618,57) (216,146,977) = 1046.2
distance (162,817,812) (542,29,236) = 1047.4
distance (542,29,236) (941,993,340) = 1048.5
distance (52,470,668) (984,92,344) = 1056.6
distance (431,825,988) (819,987,18) = 1057.2
distance (117,168,530) (970,615,88) = 1059.6
distance (431,825,988) (970,615,88) = 1069.9
distance (346,949,466) (984,92,344) = 1075.3
distance (592,479,940) (819,987,18) = 1076.9
distance (52,470,668) (941,993,340) = 1082.3
distance (52,470,668) (970,615,88) = 1095.5
distance (542,29,236) (431,825,988) = 1100.7
distance (162,817,812) (970,615,88) = 1103.6
distance (57,618,57) (984,92,344) = 1103.8
distance (52,470,668) (862,61,35) = 1106.4
distance (346,949,466) (862,61,35) = 1113.8
distance (431,825,988) (984,92,344) = 1121.5
distance (57,618,57) (805,96,715) = 1124.7
distance (52,470,668) (819,987,18) = 1130.5
distance (819,987,18) (805,96,715) = 1131.3
distance (216,146,977) (862,61,35) = 1145.4
distance (117,168,530) (941,993,340) = 1181.4
distance (162,817,812) (984,92,344) = 1191.8
distance (819,987,18) (117,168,530) = 1194.0
distance (216,146,977) (970,615,88) = 1256.5
distance (216,146,977) (941,993,340) = 1284.1
distance (162,817,812) (862,61,35) = 1290.5
distance (431,825,988) (862,61,35) = 1295.2
distance (216,146,977) (819,987,18) = 1410.9